function [m] = emu0()
  m = 1.25663706143592e-6;
endfunction