function [e] = eps0()
  e = 8.85418781761e-12;
endfunction